<?xml version="1.0"?>
<opencv_storage>
<calibration_time>"Tue Aug  1 11:04:51 2017"</calibration_time>
<nr_of_frames>25</nr_of_frames>
<image_width>640</image_width>
<image_height>480</image_height>
<board_width>7</board_width>
<board_height>5</board_height>
<square_size>50.</square_size>
<fix_aspect_ratio>1.</fix_aspect_ratio>
<!-- flags: +fix_aspectRatio +fix_principal_point +zero_tangent_dist +fix_k4 +fix_k5 -->
<flags>6158</flags>
<fisheye_model>0</fisheye_model>
<camera_matrix type_id="opencv-matrix">
  <rows>3</rows>
  <cols>3</cols>
  <dt>d</dt>
  <data>
    6.4220821236911434e+02 0. 320. 0. 6.4220821236911434e+02 240. 0. 0.
    1.</data></camera_matrix>
<distortion_coefficients type_id="opencv-matrix">
  <rows>5</rows>
  <cols>1</cols>
  <dt>d</dt>
  <data>
    -1.2924729967047235e-02 1.8937245737147193e-01 0. 0.
    -1.0972981156330861e+00</data></distortion_coefficients>
<avg_reprojection_error>9.3174160508729476e-01</avg_reprojection_error>
<per_view_reprojection_errors type_id="opencv-matrix">
  <rows>25</rows>
  <cols>1</cols>
  <dt>f</dt>
  <data>
    6.18318737e-01 6.30699277e-01 1.00919986e+00 9.80460644e-01
    6.06482804e-01 7.79128075e-01 7.98377573e-01 8.82413983e-01
    1.12725234e+00 1.12182283e+00 4.88030732e-01 4.52235907e-01
    5.96440136e-01 6.64140224e-01 2.59015679e+00 9.25717711e-01
    8.39257956e-01 9.93018150e-01 1.08124530e+00 9.01665151e-01
    5.34413517e-01 5.61522543e-01 5.55360377e-01 5.67891061e-01
    5.60200810e-01</data></per_view_reprojection_errors>
<!-- a set of 6-tuples (rotation vector + translation vector) for each view -->
<extrinsic_parameters type_id="opencv-matrix">
  <rows>25</rows>
  <cols>6</cols>
  <dt>d</dt>
  <data>
    -2.5537469941161256e-01 3.7087503082170103e-01
    -3.8372194193747211e-02 -3.2709956956046210e+02
    -1.8068139758277429e+01 1.0369308893659434e+03
    4.9792325473697413e-01 3.3180255227020772e-01 3.0514612125463021e+00
    -5.6525236401302067e+01 1.3472762515854606e+02
    8.6137799923228511e+02 6.5605740455162964e-01
    -6.1789315775117681e-01 7.3708962338546596e-02
    -1.3494504360904415e+02 -4.2270135586784818e+01
    4.5886675756316379e+02 6.5140115628426432e-01
    -6.2068717641905768e-01 7.6096196856823853e-02
    -1.3355182497272230e+02 -4.3765677000595417e+01
    4.6076920059888886e+02 -3.7150915932137751e-01
    1.5800045885089939e-01 -7.8126121790944414e-02
    -3.4944719282377616e+02 -3.5808929899089961e+01
    1.0122717772176323e+03 -9.5106769914633149e-01
    -1.1429648113619043e-01 -8.4091669223800722e-02
    -2.3765397063782456e+02 4.3993876029479795e+00
    8.6632813238237338e+02 -9.0095414281174435e-01
    -1.0560380876539797e-01 -7.5851563470147140e-02
    -2.2827342515579625e+02 -1.1446643165023247e+01
    8.3069324466879482e+02 -6.4362903401258564e-01
    -6.5359957406413038e-01 1.5762690847204625e-02
    -1.5957088578873356e+02 -1.5403876391948040e+02
    7.2251357342676170e+02 7.4109411832980032e-01
    -5.0328191555666124e-01 1.1282777400411040e-01
    -1.1940400175959927e+02 -3.4815115329527636e+01
    4.4367970352857367e+02 7.4016838147625452e-01
    -5.0429273100859706e-01 1.1111717103325311e-01
    -1.2115776002369662e+02 -3.3940208422160559e+01
    4.4475067650158297e+02 7.4106616976775910e-02
    -4.0022769143874648e-01 2.5228766279627734e-02
    -2.2353165140616611e+02 -1.1692630575301378e+02
    6.5707994172740575e+02 -5.8258014959447837e-02
    -2.1378232473702397e-01 -3.7446519841989143e-02
    -2.7516327731792251e+02 -8.3670727482065118e+01
    7.0308200926267125e+02 -5.9023787560641139e-01
    -1.1382790733046273e-01 -7.9006522555711445e-02
    -3.1025245187548904e+02 -1.2668544357944159e+01
    8.4280508600520375e+02 -8.1524123162785367e-01
    -1.3522988836235039e-01 -1.0527617134835214e-01
    -3.0366529650184890e+02 4.3204590531544504e+01
    8.7961662663991751e+02 -1.1080312564349784e+00
    7.4177018411208351e-01 1.2282971336353765e+00
    -7.9433836550300356e+01 2.5528600138452575e+01
    8.0029314572555199e+02 -8.9640490996403177e-01
    -2.6398043567743934e-01 -1.4155269806970333e-01
    -2.4826196874057962e+02 -5.6438474167882241e+01
    7.0895597683243818e+02 -6.3808285576628876e-01
    -2.4509333528345215e-01 -1.1506973973927553e-01
    -2.4706259676091082e+02 -1.0066002521629818e+02
    6.6791342472563201e+02 9.5163475595366986e-01
    -4.2991523604514192e-01 2.8219400959527321e+00
    3.8017890180379503e+01 4.0165011058698965e+01 6.4315218933162282e+02
    8.9301096196032226e-01 -6.7556598494808173e-01
    2.7106392051684605e+00 7.1032194773568706e+00 4.5471639871868739e+01
    6.2612318126010962e+02 2.9946459652373808e-01 3.8153815361119209e-01
    -2.0509480641463326e-01 -3.3523617314088534e+02
    -8.8472188612320309e+01 7.2157256481953289e+02
    -7.7977698022764887e-03 -4.1197305171658377e-01
    -1.3250805404832028e-01 -2.1995271181333183e+02
    -8.5806473580956080e+01 6.3140462710210579e+02
    4.5089561993818441e-03 -4.5120706517850345e-01
    -1.3347275294667260e-01 -2.1694431883393847e+02
    -8.2566964600837011e+01 6.1815089444116870e+02
    -1.6297387320351298e-02 -4.7378415847712668e-01
    -1.3536026511177104e-01 -2.1793409707588677e+02
    -8.3943733792995985e+01 6.1951751644024125e+02
    -2.8526234977604984e-02 -4.8917243691707135e-01
    -1.3789110706323457e-01 -2.1740384093015851e+02
    -8.4784405219466962e+01 6.1848750290384010e+02
    -7.5147299466864714e-01 2.5049675372990798e-02
    2.9102227362031310e+00 7.1176121627437340e+01 7.5114169186640623e+01
    7.5709040067407477e+02</data></extrinsic_parameters>
