<?xml version="1.0"?>
<opencv_storage>
<calibration_time>"Tue Aug  1 10:54:17 2017"</calibration_time>
<nr_of_frames>25</nr_of_frames>
<image_width>640</image_width>
<image_height>480</image_height>
<board_width>7</board_width>
<board_height>5</board_height>
<square_size>50.</square_size>
<fix_aspect_ratio>1.</fix_aspect_ratio>
<!-- flags: +fix_aspectRatio +fix_principal_point +zero_tangent_dist +fix_k4 +fix_k5 -->
<flags>6158</flags>
<fisheye_model>0</fisheye_model>
<camera_matrix type_id="opencv-matrix">
  <rows>3</rows>
  <cols>3</cols>
  <dt>d</dt>
  <data>
    2.1246399359119082e+03 0. 320. 0. 2.1246399359119082e+03 240. 0. 0.
    1.</data></camera_matrix>
<distortion_coefficients type_id="opencv-matrix">
  <rows>5</rows>
  <cols>1</cols>
  <dt>d</dt>
  <data>
    3.0846223978991123e+00 -4.7193567980619022e+01 0. 0.
    -6.9304541328246842e+02</data></distortion_coefficients>
<avg_reprojection_error>5.6130613186335676e-01</avg_reprojection_error>
<per_view_reprojection_errors type_id="opencv-matrix">
  <rows>25</rows>
  <cols>1</cols>
  <dt>f</dt>
  <data>
    4.98135090e-01 4.83203322e-01 4.86528367e-01 4.92284060e-01
    5.06270587e-01 5.07597685e-01 4.87617016e-01 5.00393152e-01
    4.95622337e-01 5.00958085e-01 4.91977841e-01 4.96033311e-01
    5.08568108e-01 5.30706763e-01 5.55359900e-01 5.48503041e-01
    5.57639003e-01 5.60674429e-01 5.69398224e-01 5.75170636e-01
    6.03341699e-01 6.02545559e-01 6.88530207e-01 7.16908038e-01
    8.85482132e-01</data></per_view_reprojection_errors>
<!-- a set of 6-tuples (rotation vector + translation vector) for each view -->
<extrinsic_parameters type_id="opencv-matrix">
  <rows>25</rows>
  <cols>6</cols>
  <dt>d</dt>
  <data>
    -1.0081125670521135e-01 6.8620619642148953e-02
    -7.4953399207786806e-02 -3.6897441589551016e+02
    -1.5276445427948124e+02 2.6253246978350521e+03
    -1.1809375829248747e-01 6.6306626388595732e-02
    -6.5404928631597151e-02 -3.6112653340223784e+02
    -1.5575865435131615e+02 2.6209700169388648e+03
    -1.2278931319033080e-01 6.7871530602487379e-02
    -6.1306455317989735e-02 -3.5888964923511412e+02
    -1.5684897885713889e+02 2.6281820349993609e+03
    1.0747914156653753e-01 1.8654948735551999e-01 3.0735524296257015e+00
    -4.7791416400624037e+01 2.1230482635344988e+01
    2.5740969920670937e+03 -9.9447407258357892e-02
    6.6167346808146829e-02 -5.8857731870854635e-02
    -3.5642026392824999e+02 -1.5847277865095373e+02
    2.5925863557128728e+03 -9.6929298262074845e-02
    6.5552276374927956e-02 -6.1266496345563387e-02
    -3.5753609539872338e+02 -1.5776199819865448e+02
    2.5898444508720331e+03 -1.1060396741995755e-01
    6.6384870619322869e-02 -6.1079330075704312e-02
    -3.5769571294811021e+02 -1.5699187681423857e+02
    2.6055697801997317e+03 -1.1489454578934166e-01
    6.7833819618710461e-02 -5.9402671293608156e-02
    -3.5663049366561501e+02 -1.5777321212160251e+02
    2.6080125518161030e+03 -1.1125007318373281e-01
    6.9038012941147989e-02 -6.0611324855682103e-02
    -3.5767870618057526e+02 -1.5740521043665908e+02
    2.6030041955564125e+03 -1.1514286950653847e-01
    6.9536468122053247e-02 -6.2815757236996159e-02
    -3.5932562569976500e+02 -1.5716561525323957e+02
    2.6070941531869062e+03 -1.1477807551940158e-01
    7.0007422804111874e-02 -6.1200152257827135e-02
    -3.5876506264656848e+02 -1.5807616856445605e+02
    2.6123296496770704e+03 -1.0469981368199492e-01
    5.7647433118869683e-02 -5.6622650798949528e-02
    -3.5122573263831657e+02 -1.5916669678722388e+02
    2.6066372635087614e+03 -9.4886485202146487e-02
    4.2918374814593402e-02 -5.1348519730366117e-02
    -3.3810197136531758e+02 -1.6032600873689205e+02
    2.5867328210271526e+03 -1.1327634596910992e-01
    1.7586741993009344e-02 -4.6203510959091115e-02
    -3.2581435317276066e+02 -1.6208545272622911e+02
    2.5818653972490979e+03 -1.3002858613522397e-01
    9.5045563172459629e-03 -3.6595121608956893e-02
    -3.1031253556492379e+02 -1.6565611862591365e+02
    2.5753996227168382e+03 -1.1167218555594029e-01
    1.8412868165874834e-02 -3.3014701003215428e-02
    -3.0355345743311915e+02 -1.6782714473091758e+02
    2.5498108176313231e+03 -8.8067421948858679e-02
    1.5902635101288129e-02 -3.1359056993317001e-02
    -2.9934664936941272e+02 -1.6919816155014834e+02
    2.5294841435631456e+03 -9.1741340138815200e-02
    1.0554586610530849e-02 -2.9148876239728585e-02
    -2.9550980830378353e+02 -1.6953685852335482e+02
    2.5270609751962661e+03 1.3537428644560558e-02 1.6208528246326701e-01
    3.1107248338968718e+00 1.1980330920265352e+01 2.1054542287472120e+01
    2.5064984744839908e+03 -1.0080515098422990e-01
    1.0481984454822990e-02 -2.5659546113064913e-02
    -2.9199430146808686e+02 -1.7025229260579138e+02
    2.5263569791038435e+03 -1.0301495791870180e-01
    1.5705669011502950e-02 -3.4695608129979481e-02
    -3.0269862553734532e+02 -1.6487508039013821e+02
    2.5095721248345508e+03 -1.2335509629995990e-01
    3.1728251520523080e-03 -3.9159333444336433e-02
    -3.0945229079335127e+02 -1.6424513331166665e+02
    2.5262502231393687e+03 -1.2507796554559386e-01
    -2.4383318246795224e-02 -4.1393270263389827e-02
    -3.1261363893177372e+02 -1.6371152113984226e+02
    2.5111420898787237e+03 -1.3004198207587689e-01
    -3.1883228795099604e-02 -4.2615510594724820e-02
    -3.1422179039093857e+02 -1.6291126073140765e+02
    2.5015962282406063e+03 -1.3060290452838308e-01
    -6.1118749019094053e-02 -4.7652862062926217e-02
    -3.1798974821275107e+02 -1.6136022579331993e+02
    2.4791596490415482e+03</data></extrinsic_parameters>
